881
931
932
1006
1020
1021
1026
1033
1086
1096
1100
1126
1148
1231
1284
1310 
1312
1313
1334
1347
1350
1368
1369
1376
1379
1387
1390
1401
1415
1423
1429
1436
1438
1439
1441
1445
1447
1448
1449
1452
1453
1512
1516
1520
1604
1633
1643
1646
1649
1651
1667
1668
1674
1675
1699
1701
1703
1704
1707
1709
1716
1724
1728
1776
1780
1795
1797
1799
1801
1822
1823
1835
1838
1839
1840
1842
1843
1844
1845
2184
2297
2404
2407 
2430
2431
2472
2474
2512
6374
6389
7034
7035
7037
7131
7198
7277
7315
7319
7332
7398
7425
7489
7502
7510
7529
7543 
7565
7592
7598
7599
7606
7613
7646
7684
7685
7696
7697
7698
7705
7741
7749
7750
7753
7754
7755
7781
7782
7789
7791
7793
7795
7801
7834
7844
7848
7862
7884
7890
7891
7895
7899
7927
7928
7934
7939
7940
7948
7949
7957
7961
7970
7988
8003
8028
8037
8054
8087
8102
8207
8208
8211
8217
8219
8220
8229
8230
8242
8288
8289
8296
8297
8303
8321
8344
8356
8357
8375
8376
8387
8392
8394
8410
8411
8446
8474
8490
8539
8546
8612
8619
8706
8762
8764
8795
8813
8853
8858
8864
8887
8907
8911
8917
8943
8944
8948
8952